Horizontal: 0.83573157
Vertical: 0.19613458
kill: 0.9853349
monedas: 0.08818436
Niveles superados: 13
Porcentaje superado: 14.578924
